2 0c
2 0c
2 0e
2 06
2 06
2 0f
2 09
2 0d
2 0e
2 06
2 0b
2 01
2 05
2 03
2 0c
2 0f
2 0f
2 0a
2 07
2 09
2 00
2 02
2 08
2 07
2 0a
2 05
2 0d
2 0a
2 09
2 08
2 00
2 07
2 0f
2 04
2 0b
2 04
2 02
2 0a
2 03
2 03
2 0d
2 00
2 02
2 00
2 0d
2 07
2 0c
2 03
2 05
2 0e
2 19
2 1c
2 1f
2 12
2 1b
2 11
2 16
2 1d
2 16
2 1b
2 1c
2 14
2 13
2 18
2 17
2 1e
2 14
2 1f
2 10
2 1e
2 1a
2 18
2 19
2 19
2 1a
2 17
2 16
2 15
2 13
2 1d
2 10
2 17
2 1f
2 15
2 11
2 1f
2 1c
2 10
2 13
2 1a
2 1e
2 19
2 15
2 10
2 0f
2 1c
2 1f
2 1f
2 12
2 1c
2 05
2 1c
2 1f
2 11
2 0f
2 0d
2 18
2 1d
2 07
2 17
2 16
2 09
2 03
2 14
2 02
2 14
2 00
2 1f
2 02
2 0a
2 08
2 1b
2 07
2 03
2 10
2 08
2 04
2 19
2 02
2 1b
2 0a
2 16
2 1e
2 00
2 13
2 0c
2 1e
2 0b
2 14
2 0a
2 1b
2 04
2 1c
2 1f
2 06
2 00
2 14
2 1b
2 03
2 00
