2 1c
2 1e
2 1e
2 1c
2 06
2 1e
2 15
2 06
2 1c
2 01
2 05
2 07
2 05
2 1f
2 05
2 1f
2 11
2 11
2 18
2 11
2 07
2 1f
2 0a
2 1f
2 0a
2 11
2 18
2 00
2 0a
2 07
2 0a
2 07
2 04
2 03
2 04
2 02
2 03
2 07
2 03
2 04
2 1d
2 02
2 00
2 02
2 1d
2 00
2 03
2 1d
2 1d
2 1c
2 03
2 0e
2 19
2 1c
2 1b
2 12
2 12
2 16
2 16
2 12
2 1b
2 1c
2 1c
2 1b
2 16
2 08
2 1e
2 1e
2 08
2 19
2 19
2 1e
2 17
2 05
2 05
2 1d
2 1f
2 08
2 17
2 1f
2 05
2 1d
2 05
2 17
2 1d
2 08
2 1d
2 17
2 1a
2 13
2 1a
2 17
2 13
2 1c
2 08
2 1f
2 1c
2 1f
2 1f
2 1c
2 1c
2 1f
2 11
2 17
2 17
2 11
2 03
2 1f
2 19
2 03
2 0c
2 1f
2 02
2 0c
2 1f
2 02
2 0a
2 19
2 08
2 1b
2 0c
2 00
2 00
2 0a
2 08
2 04
2 19
2 02
2 1b
2 0a
2 16
2 16
2 1e
2 00
2 0a
2 04
2 1e
2 1b
2 14
2 04
2 1e
2 00
2 1b
2 1b
2 04
2 1b
2 03
2 00
2 00
2 03
